* LIGAND DATABASE FILE (OPLS2005)
*
STR      53    56   114     195       0
    1     0 M   CT   _C1_     6   64.615073   75.042702   80.762954
    2     1 M   CT   _C2_     6    1.549912   85.397563   -8.199282
    3     1 M   CT   _C10     6    1.552373   29.053266  154.867251
    4     1 M   HC   _H11     6    1.088886  130.771060  101.439091
    5     1 M   HC   _H12     6    1.091473  114.246514 -116.256866
    6     2 M  CO4   _C3_     6    1.525231  109.528370  -44.976431
    7     2 M   HC   _H21     6    1.088214  110.762028 -166.255861
    8     2 M   HC   _H22     6    1.088822  109.372693   75.082816
    9     6 M    O   _O3_     6    1.244534  119.427131 -150.180467
   10     6 M   CM   _C4_     6    1.455381  120.051181   33.603854
   11    10 M   CM   _C5_     6    1.321167  121.646279   -4.139103
   12    10 M   HC   _H4_     6    1.080538  117.442097  171.373638
   13    11 M   CT   _C6_     6    1.524462  118.641889  175.544537
   14    13 M   CT   _C7_     6    1.540621  112.383216  133.762890
   15    13 M   HC   _H61     6    1.090923  111.253127    9.999733
   16    13 M   HC   _H62     6    1.090609  107.667382 -106.031223
   17    14 M   CT   _C8_     6    1.551563  113.365580   50.489291
   18    14 M   HC   _H71     6    1.090566  108.727414  -71.623412
   19    14 M   HC   _H72     6    1.089892  108.619294  173.336293
   20    17 M   CT   _C9_     6    1.563484  108.246522  -58.012547
   21    17 M   CT   _C14     6    1.532850  109.812211 -175.717587
   22    17 M   HC   _H8_     6    1.087505  109.254069   63.598721
   23    20 M   CT   _C11     6    1.551414  111.283642 -173.283792
   24    20 M   HC   _H9_     6    1.091924  106.897807  -57.303941
   25     3 M   CT   _C19     6    1.575833  111.186881  -91.233777
   26    23 M   CT   _C12     6    1.553993  112.245026   53.562646
   27    23 M   HC   H111     6    1.087657  110.772852  -69.313079
   28    23 M   HC   H112     6    1.082710  110.630633  173.509617
   29    26 M   CT   _C13     6    1.544541  111.191212  -56.664379
   30    26 M   HC   H121     6    1.078044  110.201769  179.772896
   31    26 M   HC   H122     6    1.089717  109.284615   64.195914
   32    29 M   CT   _C17     6    1.563759  115.887061  166.529367
   33    29 M   CT   _C18     6    1.570087  112.676985  -66.080696
   34    21 M   CT   _C15     6    1.549215  117.513842  -59.487245
   35    21 M   HC   _H14     6    1.093341  107.311864   59.988791
   36    34 M   CT   _C16     6    1.572065  102.587736 -163.741995
   37    34 M   HC   H151     6    1.089894  112.110490   75.611601
   38    34 M   HC   H152     6    1.091033  111.175555  -45.131328
   39    36 M   HC   H161     6    1.089589  111.012095 -106.685087
   40    36 M   HC   H162     6    1.090275  108.877814  135.461032
   41    32 M   HC   _H17     6    1.090708  107.756008  -37.685883
   42    33 M   HC   H181     6    1.086470  112.167790 -177.397866
   43    33 M   HC   H182     6    1.090315  111.208493  -57.532971
   44    33 M   HC   H183     6    1.088439  112.757296   61.717107
   45    25 M   HC   H191     6    1.089142  113.050846 -173.940993
   46    25 M   HC   H192     6    1.089658  112.463201  -51.140522
   47    25 M   HC   H193     6    1.081388  108.599441   68.109282
   48    32 S  CO4   _C20     6    1.538253  114.962819   80.974796
   49    48 S    O   _O20     6    1.213532  120.245362  111.167046
   50    48 S   CT   _C21     6    1.489908  119.457086  -69.254696
   51    50 S   HC   H211     6    1.089803  109.998761 -125.428579
   52    50 S   HC   H212     6    1.089025  111.566528   -5.492672
   53    50 S   HC   H213     6    1.088548  109.798670  115.623591
NBON
     1   3.5000   0.0660  -0.120000   1.9750   1.7500   0.005000000  -0.741685710
     2   3.5000   0.0660  -0.120000   1.9750   1.7500   0.005000000  -0.741685710
     3   3.5000   0.0660   0.000000   1.9750   1.7500   0.005000000  -0.741685710
     4   2.5000   0.0300   0.060000   1.4250   1.2500   0.008598240   0.268726247
     5   2.5000   0.0300   0.060000   1.4250   1.2500   0.008598240   0.268726247
     6   3.7500   0.1050   0.470000   2.1120   1.8750   0.001000000  -0.126889456
     7   2.4200   0.0150   0.060000   1.4250   1.2500   0.008598240   0.268726247
     8   2.4200   0.0150   0.060000   1.4250   1.2500   0.008598240   0.268726247
     9   2.9600   0.2100  -0.470000   1.6780   1.4800   0.001000000  -0.126889456
    10   3.5500   0.0760  -0.115000   2.0020   1.7750   0.023028004  -0.852763146
    11   3.5500   0.0760   0.000000   2.0020   1.7750   0.023028004  -0.852763146
    12   2.4200   0.0300   0.115000   1.4250   1.2500   0.008598240   0.268726247
    13   3.5000   0.0660  -0.120000   1.9750   1.7500   0.005000000  -0.741685710
    14   3.5000   0.0660  -0.120000   1.9750   1.7500   0.005000000  -0.741685710
    15   2.5000   0.0300   0.060000   1.4250   1.2500   0.008598240   0.268726247
    16   2.5000   0.0300   0.060000   1.4250   1.2500   0.008598240   0.268726247
    17   3.5000   0.0660  -0.060000   1.9750   1.7500   0.005000000  -0.741685710
    18   2.5000   0.0300   0.060000   1.4250   1.2500   0.008598240   0.268726247
    19   2.5000   0.0300   0.060000   1.4250   1.2500   0.008598240   0.268726247
    20   3.5000   0.0660  -0.060000   1.9750   1.7500   0.005000000  -0.741685710
    21   3.5000   0.0660  -0.060000   1.9750   1.7500   0.005000000  -0.741685710
    22   2.5000   0.0300   0.060000   1.4250   1.2500   0.008598240   0.268726247
    23   3.5000   0.0660  -0.120000   1.9750   1.7500   0.005000000  -0.741685710
    24   2.5000   0.0300   0.060000   1.4250   1.2500   0.008598240   0.268726247
    25   3.5000   0.0660  -0.180000   1.9750   1.7500   0.005000000  -0.741685710
    26   3.5000   0.0660  -0.120000   1.9750   1.7500   0.005000000  -0.741685710
    27   2.5000   0.0300   0.060000   1.4250   1.2500   0.008598240   0.268726247
    28   2.5000   0.0300   0.060000   1.4250   1.2500   0.008598240   0.268726247
    29   3.5000   0.0660   0.000000   1.9750   1.7500   0.005000000  -0.741685710
    30   2.5000   0.0300   0.060000   1.4250   1.2500   0.008598240   0.268726247
    31   2.5000   0.0300   0.060000   1.4250   1.2500   0.008598240   0.268726247
    32   3.5000   0.0660  -0.060000   1.9750   1.7500   0.005000000  -0.741685710
    33   3.5000   0.0660  -0.180000   1.9750   1.7500   0.005000000  -0.741685710
    34   3.5000   0.0660  -0.120000   1.9750   1.7500   0.005000000  -0.741685710
    35   2.5000   0.0300   0.060000   1.4250   1.2500   0.008598240   0.268726247
    36   3.5000   0.0660  -0.120000   1.9750   1.7500   0.005000000  -0.741685710
    37   2.5000   0.0300   0.060000   1.4250   1.2500   0.008598240   0.268726247
    38   2.5000   0.0300   0.060000   1.4250   1.2500   0.008598240   0.268726247
    39   2.5000   0.0300   0.060000   1.4250   1.2500   0.008598240   0.268726247
    40   2.5000   0.0300   0.060000   1.4250   1.2500   0.008598240   0.268726247
    41   2.4200   0.0150   0.060000   1.4250   1.2500   0.008598240   0.268726247
    42   2.5000   0.0300   0.060000   1.4250   1.2500   0.008598240   0.268726247
    43   2.5000   0.0300   0.060000   1.4250   1.2500   0.008598240   0.268726247
    44   2.5000   0.0300   0.060000   1.4250   1.2500   0.008598240   0.268726247
    45   2.5000   0.0300   0.060000   1.4250   1.2500   0.008598240   0.268726247
    46   2.5000   0.0300   0.060000   1.4250   1.2500   0.008598240   0.268726247
    47   2.5000   0.0300   0.060000   1.4250   1.2500   0.008598240   0.268726247
    48   3.7500   0.1050   0.470000   2.1120   1.8750   0.001000000  -0.126889456
    49   2.9600   0.2100  -0.470000   1.6780   1.4800   0.001000000  -0.126889456
    50   3.5000   0.0660  -0.180000   1.9750   1.7500   0.005000000  -0.741685710
    51   2.4200   0.0150   0.060000   1.4250   1.2500   0.008598240   0.268726247
    52   2.4200   0.0150   0.060000   1.4250   1.2500   0.008598240   0.268726247
    53   2.4200   0.0150   0.060000   1.4250   1.2500   0.008598240   0.268726247
BOND
     1     2   268.000  1.529
     1     3   268.000  1.529
     1     4   340.000  1.090
     1     5   340.000  1.090
     2     6   317.000  1.522
     2     7   340.000  1.090
     2     8   340.000  1.090
     6     9   570.000  1.229
     6    10   320.000  1.462
    10    11   549.000  1.340
    10    12   340.000  1.080
    11    13   317.000  1.510
    11     3   317.000  1.510
    13    14   268.000  1.529
    13    15   340.000  1.090
    13    16   340.000  1.090
    14    17   268.000  1.529
    14    18   340.000  1.090
    14    19   340.000  1.090
    17    20   268.000  1.529
    17    21   268.000  1.529
    17    22   340.000  1.090
    20     3   268.000  1.529
    20    23   268.000  1.529
    20    24   340.000  1.090
     3    25   268.000  1.529
    23    26   268.000  1.529
    23    27   340.000  1.090
    23    28   340.000  1.090
    26    29   268.000  1.529
    26    30   340.000  1.090
    26    31   340.000  1.090
    29    21   268.000  1.529
    29    32   268.000  1.529
    29    33   268.000  1.529
    21    34   268.000  1.529
    21    35   340.000  1.090
    34    36   268.000  1.529
    34    37   340.000  1.090
    34    38   340.000  1.090
    36    32   268.000  1.529
    36    39   340.000  1.090
    36    40   340.000  1.090
    32    48   317.000  1.522
    32    41   340.000  1.090
    33    42   340.000  1.090
    33    43   340.000  1.090
    33    44   340.000  1.090
    25    45   340.000  1.090
    25    46   340.000  1.090
    25    47   340.000  1.090
    48    49   570.000  1.229
    48    50   317.000  1.522
    50    51   340.000  1.090
    50    52   340.000  1.090
    50    53   340.000  1.090
THET
     2     1     3    58.35000  112.70000
     2     1     4    37.50000  110.70000
     2     1     5    37.50000  110.70000
     3     1     4    37.50000  110.70000
     3     1     5    37.50000  110.70000
     4     1     5    33.00000  107.80000
     1     2     6    63.00000  111.10000
     1     2     7    37.50000  110.70000
     1     2     8    37.50000  110.70000
     6     2     7    35.00000  109.50000
     6     2     8    35.00000  109.50000
     7     2     8    33.00000  107.80000
     2     6     9    80.00000  120.40000
     2     6    10    65.00000  118.62400
     9     6    10    80.00000  123.72100
     6    10    11    65.00000  118.96000
     6    10    12    40.00000  117.72500
    11    10    12    35.00000  120.00000
    10    11    13    70.00000  124.00000
    10    11     3    70.00000  124.00000
    13    11     3    65.00000  117.92700
    11    13    14    70.00000  112.02700
    11    13    15    35.00000  109.50000
    11    13    16    35.00000  109.50000
    14    13    15    37.50000  110.70000
    14    13    16    37.50000  110.70000
    15    13    16    33.00000  107.80000
    13    14    17    58.35000  112.70000
    13    14    18    37.50000  110.70000
    13    14    19    37.50000  110.70000
    17    14    18    37.50000  110.70000
    17    14    19    37.50000  110.70000
    18    14    19    33.00000  107.80000
    14    17    20    58.35000  112.70000
    14    17    21    58.35000  112.70000
    14    17    22    37.50000  110.70000
    20    17    21    58.35000  112.70000
    20    17    22    37.50000  110.70000
    21    17    22    37.50000  110.70000
    17    20     3    58.35000  112.70000
    17    20    23    58.35000  112.70000
    17    20    24    37.50000  110.70000
     3    20    23    58.35000  112.70000
     3    20    24    37.50000  110.70000
    23    20    24    37.50000  110.70000
     1     3    11    70.00000  112.02700
     1     3    20    58.35000  112.70000
     1     3    25    58.35000  112.70000
    11     3    20    70.00000  112.02700
    11     3    25    70.00000  112.02700
    20     3    25    58.35000  112.70000
    20    23    26    58.35000  112.70000
    20    23    27    37.50000  110.70000
    20    23    28    37.50000  110.70000
    26    23    27    37.50000  110.70000
    26    23    28    37.50000  110.70000
    27    23    28    33.00000  107.80000
    23    26    29    58.35000  112.70000
    23    26    30    37.50000  110.70000
    23    26    31    37.50000  110.70000
    29    26    30    37.50000  110.70000
    29    26    31    37.50000  110.70000
    30    26    31    33.00000  107.80000
    26    29    21    58.35000  112.70000
    26    29    32    58.35000  112.70000
    26    29    33    58.35000  112.70000
    21    29    32    58.35000  112.70000
    21    29    33    58.35000  112.70000
    32    29    33    58.35000  112.70000
    17    21    29    58.35000  112.70000
    17    21    34    58.35000  112.70000
    17    21    35    37.50000  110.70000
    29    21    34    58.35000  112.70000
    29    21    35    37.50000  110.70000
    34    21    35    37.50000  110.70000
    21    34    36    58.35000  112.70000
    21    34    37    37.50000  110.70000
    21    34    38    37.50000  110.70000
    36    34    37    37.50000  110.70000
    36    34    38    37.50000  110.70000
    37    34    38    33.00000  107.80000
    34    36    32    58.35000  112.70000
    34    36    39    37.50000  110.70000
    34    36    40    37.50000  110.70000
    32    36    39    37.50000  110.70000
    32    36    40    37.50000  110.70000
    39    36    40    33.00000  107.80000
    29    32    36    58.35000  112.70000
    29    32    48    63.00000  111.10000
    29    32    41    37.50000  110.70000
    36    32    48    63.00000  111.10000
    36    32    41    37.50000  110.70000
    48    32    41    35.00000  109.50000
    29    33    42    37.50000  110.70000
    29    33    43    37.50000  110.70000
    29    33    44    37.50000  110.70000
    42    33    43    33.00000  107.80000
    42    33    44    33.00000  107.80000
    43    33    44    33.00000  107.80000
     3    25    45    37.50000  110.70000
     3    25    46    37.50000  110.70000
     3    25    47    37.50000  110.70000
    45    25    46    33.00000  107.80000
    45    25    47    33.00000  107.80000
    46    25    47    33.00000  107.80000
    32    48    49    80.00000  120.40000
    32    48    50    70.00000  116.00000
    49    48    50    80.00000  120.40000
    48    50    51    35.00000  109.50000
    48    50    52    35.00000  109.50000
    48    50    53    35.00000  109.50000
    51    50    52    33.00000  107.80000
    51    50    53    33.00000  107.80000
    52    50    53    33.00000  107.80000
PHI
    3     1     2     6  -0.95700  1.0 1.0
    3     1     2     6  -0.18200 -1.0 2.0
    3     1     2     6   0.29450  1.0 3.0
    3     1     2     6   0.00000 -1.0 4.0
    3     1     2     7   0.00000  1.0 1.0
    3     1     2     7   0.00000 -1.0 2.0
    3     1     2     7   0.15000  1.0 3.0
    3     1     2     7   0.00000 -1.0 4.0
    3     1     2     8   0.00000  1.0 1.0
    3     1     2     8   0.00000 -1.0 2.0
    3     1     2     8   0.15000  1.0 3.0
    3     1     2     8   0.00000 -1.0 4.0
    4     1     2     6   0.00000  1.0 1.0
    4     1     2     6   0.00000 -1.0 2.0
    4     1     2     6  -0.11250  1.0 3.0
    4     1     2     6   0.00000 -1.0 4.0
    4     1     2     7   0.00000  1.0 1.0
    4     1     2     7   0.00000 -1.0 2.0
    4     1     2     7   0.15000  1.0 3.0
    4     1     2     7   0.00000 -1.0 4.0
    4     1     2     8   0.00000  1.0 1.0
    4     1     2     8   0.00000 -1.0 2.0
    4     1     2     8   0.15000  1.0 3.0
    4     1     2     8   0.00000 -1.0 4.0
    5     1     2     6   0.00000  1.0 1.0
    5     1     2     6   0.00000 -1.0 2.0
    5     1     2     6  -0.11250  1.0 3.0
    5     1     2     6   0.00000 -1.0 4.0
    5     1     2     7   0.00000  1.0 1.0
    5     1     2     7   0.00000 -1.0 2.0
    5     1     2     7   0.15000  1.0 3.0
    5     1     2     7   0.00000 -1.0 4.0
    5     1     2     8   0.00000  1.0 1.0
    5     1     2     8   0.00000 -1.0 2.0
    5     1     2     8   0.15000  1.0 3.0
    5     1     2     8   0.00000 -1.0 4.0
    2     1     3    11   0.34400  1.0 1.0
    2     1     3    11   0.09450 -1.0 2.0
    2     1     3    11   0.11100  1.0 3.0
    2     1     3    11   0.00000 -1.0 4.0
    2     1     3    20   0.56750  1.0 1.0
    2     1     3    20  -0.07550 -1.0 2.0
    2     1     3    20   0.20000  1.0 3.0
    2     1     3    20   0.00000 -1.0 4.0
    2     1     3    25   0.56750  1.0 1.0
    2     1     3    25  -0.07550 -1.0 2.0
    2     1     3    25   0.20000  1.0 3.0
    2     1     3    25   0.00000 -1.0 4.0
    4     1     3    11   0.00000  1.0 1.0
    4     1     3    11   0.00000 -1.0 2.0
    4     1     3    11   0.15000  1.0 3.0
    4     1     3    11   0.00000 -1.0 4.0
    4     1     3    20   0.00000  1.0 1.0
    4     1     3    20   0.00000 -1.0 2.0
    4     1     3    20   0.15000  1.0 3.0
    4     1     3    20   0.00000 -1.0 4.0
    4     1     3    25   0.00000  1.0 1.0
    4     1     3    25   0.00000 -1.0 2.0
    4     1     3    25   0.15000  1.0 3.0
    4     1     3    25   0.00000 -1.0 4.0
    5     1     3    11   0.00000  1.0 1.0
    5     1     3    11   0.00000 -1.0 2.0
    5     1     3    11   0.15000  1.0 3.0
    5     1     3    11   0.00000 -1.0 4.0
    5     1     3    20   0.00000  1.0 1.0
    5     1     3    20   0.00000 -1.0 2.0
    5     1     3    20   0.15000  1.0 3.0
    5     1     3    20   0.00000 -1.0 4.0
    5     1     3    25   0.00000  1.0 1.0
    5     1     3    25   0.00000 -1.0 2.0
    5     1     3    25   0.15000  1.0 3.0
    5     1     3    25   0.00000 -1.0 4.0
    1     2     6     9   0.00000  1.0 1.0
    1     2     6     9   0.30150 -1.0 2.0
    1     2     6     9   0.00000  1.0 3.0
    1     2     6     9   0.00000 -1.0 4.0
    1     2     6    10   0.65300  1.0 1.0
    1     2     6    10  -0.03850 -1.0 2.0
    1     2     6    10   0.33900  1.0 3.0
    1     2     6    10   0.00000 -1.0 4.0
    7     2     6     9   0.00000  1.0 1.0
    7     2     6    10   0.00000  1.0 1.0
    8     2     6     9   0.00000  1.0 1.0
    8     2     6    10   0.00000  1.0 1.0
    2     6   -10    11  -0.33500  1.0 1.0
    2     6   -10    11   1.06600 -1.0 2.0
    2     6   -10    11  -0.14000  1.0 3.0
    2     6   -10    11   0.00000 -1.0 4.0
    2     6    10    12   0.04550  1.0 1.0
    2     6    10    12   0.83000 -1.0 2.0
    2     6    10    12  -0.04000  1.0 3.0
    2     6    10    12   0.00000 -1.0 4.0
    9     6    10    11   0.00000  1.0 1.0
    9     6    10    11   1.00000 -1.0 2.0
    9     6    10    11   0.00000  1.0 3.0
    9     6    10    11   0.00000 -1.0 4.0
    9     6    10    12   0.00000  1.0 1.0
    6    10    11    13   0.00000  1.0 1.0
    6    10    11    13   7.00000 -1.0 2.0
    6    10    11    13   0.00000  1.0 3.0
    6    10    11    13   0.00000 -1.0 4.0
    6    10   -11     3   0.00000  1.0 1.0
    6    10   -11     3   7.00000 -1.0 2.0
    6    10   -11     3   0.00000  1.0 3.0
    6    10   -11     3   0.00000 -1.0 4.0
   12    10    11    13   0.00000  1.0 1.0
   12    10    11    13   7.00000 -1.0 2.0
   12    10    11    13   0.00000  1.0 3.0
   12    10    11    13   0.00000 -1.0 4.0
   12    10    11     3   0.00000  1.0 1.0
   12    10    11     3   7.00000 -1.0 2.0
   12    10    11     3   0.00000  1.0 3.0
   12    10    11     3   0.00000 -1.0 4.0
   10    11    13    14   0.09850  1.0 1.0
   10    11    13    14   0.15250 -1.0 2.0
   10    11    13    14  -0.50650  1.0 3.0
   10    11    13    14   0.00000 -1.0 4.0
   10    11    13    15   0.00000  1.0 1.0
   10    11    13    16   0.00000  1.0 1.0
    3    11    13    14   0.46850  1.0 1.0
    3    11    13    14   0.08550 -1.0 2.0
    3    11    13    14   0.09800  1.0 3.0
    3    11    13    14   0.00000 -1.0 4.0
    3    11    13    15   0.00000  1.0 1.0
    3    11    13    15   0.00000 -1.0 2.0
    3    11    13    15   0.34800  1.0 3.0
    3    11    13    15   0.00000 -1.0 4.0
    3    11    13    16   0.00000  1.0 1.0
    3    11    13    16   0.00000 -1.0 2.0
    3    11    13    16   0.34800  1.0 3.0
    3    11    13    16   0.00000 -1.0 4.0
   10    11    -3     1   0.09850  1.0 1.0
   10    11    -3     1   0.15250 -1.0 2.0
   10    11    -3     1  -0.50650  1.0 3.0
   10    11    -3     1   0.00000 -1.0 4.0
   10    11     3    20   0.09850  1.0 1.0
   10    11     3    20   0.15250 -1.0 2.0
   10    11     3    20  -0.50650  1.0 3.0
   10    11     3    20   0.00000 -1.0 4.0
   10    11     3    25   0.09850  1.0 1.0
   10    11     3    25   0.15250 -1.0 2.0
   10    11     3    25  -0.50650  1.0 3.0
   10    11     3    25   0.00000 -1.0 4.0
   13    11     3     1   0.46850  1.0 1.0
   13    11     3     1   0.08550 -1.0 2.0
   13    11     3     1   0.09800  1.0 3.0
   13    11     3     1   0.00000 -1.0 4.0
   13    11     3    20   0.46850  1.0 1.0
   13    11     3    20   0.08550 -1.0 2.0
   13    11     3    20   0.09800  1.0 3.0
   13    11     3    20   0.00000 -1.0 4.0
   13    11     3    25   0.46850  1.0 1.0
   13    11     3    25   0.08550 -1.0 2.0
   13    11     3    25   0.09800  1.0 3.0
   13    11     3    25   0.00000 -1.0 4.0
   11    13    14    17   0.34400  1.0 1.0
   11    13    14    17   0.09450 -1.0 2.0
   11    13    14    17   0.11100  1.0 3.0
   11    13    14    17   0.00000 -1.0 4.0
   11    13    14    18   0.00000  1.0 1.0
   11    13    14    18   0.00000 -1.0 2.0
   11    13    14    18   0.15000  1.0 3.0
   11    13    14    18   0.00000 -1.0 4.0
   11    13    14    19   0.00000  1.0 1.0
   11    13    14    19   0.00000 -1.0 2.0
   11    13    14    19   0.15000  1.0 3.0
   11    13    14    19   0.00000 -1.0 4.0
   15    13    14    17   0.00000  1.0 1.0
   15    13    14    17   0.00000 -1.0 2.0
   15    13    14    17   0.15000  1.0 3.0
   15    13    14    17   0.00000 -1.0 4.0
   15    13    14    18   0.00000  1.0 1.0
   15    13    14    18   0.00000 -1.0 2.0
   15    13    14    18   0.15000  1.0 3.0
   15    13    14    18   0.00000 -1.0 4.0
   15    13    14    19   0.00000  1.0 1.0
   15    13    14    19   0.00000 -1.0 2.0
   15    13    14    19   0.15000  1.0 3.0
   15    13    14    19   0.00000 -1.0 4.0
   16    13    14    17   0.00000  1.0 1.0
   16    13    14    17   0.00000 -1.0 2.0
   16    13    14    17   0.15000  1.0 3.0
   16    13    14    17   0.00000 -1.0 4.0
   16    13    14    18   0.00000  1.0 1.0
   16    13    14    18   0.00000 -1.0 2.0
   16    13    14    18   0.15000  1.0 3.0
   16    13    14    18   0.00000 -1.0 4.0
   16    13    14    19   0.00000  1.0 1.0
   16    13    14    19   0.00000 -1.0 2.0
   16    13    14    19   0.15000  1.0 3.0
   16    13    14    19   0.00000 -1.0 4.0
   13    14   -17    20   0.56750  1.0 1.0
   13    14   -17    20  -0.07550 -1.0 2.0
   13    14   -17    20   0.20000  1.0 3.0
   13    14   -17    20   0.00000 -1.0 4.0
   13    14    17    21   0.56750  1.0 1.0
   13    14    17    21  -0.07550 -1.0 2.0
   13    14    17    21   0.20000  1.0 3.0
   13    14    17    21   0.00000 -1.0 4.0
   13    14    17    22   0.00000  1.0 1.0
   13    14    17    22   0.00000 -1.0 2.0
   13    14    17    22   0.15000  1.0 3.0
   13    14    17    22   0.00000 -1.0 4.0
   18    14    17    20   0.00000  1.0 1.0
   18    14    17    20   0.00000 -1.0 2.0
   18    14    17    20   0.15000  1.0 3.0
   18    14    17    20   0.00000 -1.0 4.0
   18    14    17    21   0.00000  1.0 1.0
   18    14    17    21   0.00000 -1.0 2.0
   18    14    17    21   0.15000  1.0 3.0
   18    14    17    21   0.00000 -1.0 4.0
   18    14    17    22   0.00000  1.0 1.0
   18    14    17    22   0.00000 -1.0 2.0
   18    14    17    22   0.15000  1.0 3.0
   18    14    17    22   0.00000 -1.0 4.0
   19    14    17    20   0.00000  1.0 1.0
   19    14    17    20   0.00000 -1.0 2.0
   19    14    17    20   0.15000  1.0 3.0
   19    14    17    20   0.00000 -1.0 4.0
   19    14    17    21   0.00000  1.0 1.0
   19    14    17    21   0.00000 -1.0 2.0
   19    14    17    21   0.15000  1.0 3.0
   19    14    17    21   0.00000 -1.0 4.0
   19    14    17    22   0.00000  1.0 1.0
   19    14    17    22   0.00000 -1.0 2.0
   19    14    17    22   0.15000  1.0 3.0
   19    14    17    22   0.00000 -1.0 4.0
   14    17   -20     3   0.56750  1.0 1.0
   14    17   -20     3  -0.07550 -1.0 2.0
   14    17   -20     3   0.20000  1.0 3.0
   14    17   -20     3   0.00000 -1.0 4.0
   14    17    20    23   0.56750  1.0 1.0
   14    17    20    23  -0.07550 -1.0 2.0
   14    17    20    23   0.20000  1.0 3.0
   14    17    20    23   0.00000 -1.0 4.0
   14    17    20    24   0.00000  1.0 1.0
   14    17    20    24   0.00000 -1.0 2.0
   14    17    20    24   0.15000  1.0 3.0
   14    17    20    24   0.00000 -1.0 4.0
   21    17    20     3   0.56750  1.0 1.0
   21    17    20     3  -0.07550 -1.0 2.0
   21    17    20     3   0.20000  1.0 3.0
   21    17    20     3   0.00000 -1.0 4.0
   21    17    20    23   0.56750  1.0 1.0
   21    17    20    23  -0.07550 -1.0 2.0
   21    17    20    23   0.20000  1.0 3.0
   21    17    20    23   0.00000 -1.0 4.0
   21    17    20    24   0.00000  1.0 1.0
   21    17    20    24   0.00000 -1.0 2.0
   21    17    20    24   0.15000  1.0 3.0
   21    17    20    24   0.00000 -1.0 4.0
   22    17    20     3   0.00000  1.0 1.0
   22    17    20     3   0.00000 -1.0 2.0
   22    17    20     3   0.15000  1.0 3.0
   22    17    20     3   0.00000 -1.0 4.0
   22    17    20    23   0.00000  1.0 1.0
   22    17    20    23   0.00000 -1.0 2.0
   22    17    20    23   0.15000  1.0 3.0
   22    17    20    23   0.00000 -1.0 4.0
   22    17    20    24   0.00000  1.0 1.0
   22    17    20    24   0.00000 -1.0 2.0
   22    17    20    24   0.15000  1.0 3.0
   22    17    20    24   0.00000 -1.0 4.0
   14    17    21    29   0.56750  1.0 1.0
   14    17    21    29  -0.07550 -1.0 2.0
   14    17    21    29   0.20000  1.0 3.0
   14    17    21    29   0.00000 -1.0 4.0
   14    17    21    34   0.56750  1.0 1.0
   14    17    21    34  -0.07550 -1.0 2.0
   14    17    21    34   0.20000  1.0 3.0
   14    17    21    34   0.00000 -1.0 4.0
   14    17    21    35   0.00000  1.0 1.0
   14    17    21    35   0.00000 -1.0 2.0
   14    17    21    35   0.15000  1.0 3.0
   14    17    21    35   0.00000 -1.0 4.0
   20    17    21    29   0.56750  1.0 1.0
   20    17    21    29  -0.07550 -1.0 2.0
   20    17    21    29   0.20000  1.0 3.0
   20    17    21    29   0.00000 -1.0 4.0
   20    17    21    34   0.56750  1.0 1.0
   20    17    21    34  -0.07550 -1.0 2.0
   20    17    21    34   0.20000  1.0 3.0
   20    17    21    34   0.00000 -1.0 4.0
   20    17    21    35   0.00000  1.0 1.0
   20    17    21    35   0.00000 -1.0 2.0
   20    17    21    35   0.15000  1.0 3.0
   20    17    21    35   0.00000 -1.0 4.0
   22    17    21    29   0.00000  1.0 1.0
   22    17    21    29   0.00000 -1.0 2.0
   22    17    21    29   0.15000  1.0 3.0
   22    17    21    29   0.00000 -1.0 4.0
   22    17    21    34   0.00000  1.0 1.0
   22    17    21    34   0.00000 -1.0 2.0
   22    17    21    34   0.15000  1.0 3.0
   22    17    21    34   0.00000 -1.0 4.0
   22    17    21    35   0.00000  1.0 1.0
   22    17    21    35   0.00000 -1.0 2.0
   22    17    21    35   0.15000  1.0 3.0
   22    17    21    35   0.00000 -1.0 4.0
   17    20     3     1   0.56750  1.0 1.0
   17    20     3     1  -0.07550 -1.0 2.0
   17    20     3     1   0.20000  1.0 3.0
   17    20     3     1   0.00000 -1.0 4.0
   17    20    -3    11   0.34400  1.0 1.0
   17    20    -3    11   0.09450 -1.0 2.0
   17    20    -3    11   0.11100  1.0 3.0
   17    20    -3    11   0.00000 -1.0 4.0
   17    20     3    25   0.56750  1.0 1.0
   17    20     3    25  -0.07550 -1.0 2.0
   17    20     3    25   0.20000  1.0 3.0
   17    20     3    25   0.00000 -1.0 4.0
   23    20     3     1   0.56750  1.0 1.0
   23    20     3     1  -0.07550 -1.0 2.0
   23    20     3     1   0.20000  1.0 3.0
   23    20     3     1   0.00000 -1.0 4.0
   23    20     3    11   0.34400  1.0 1.0
   23    20     3    11   0.09450 -1.0 2.0
   23    20     3    11   0.11100  1.0 3.0
   23    20     3    11   0.00000 -1.0 4.0
   23    20     3    25   0.56750  1.0 1.0
   23    20     3    25  -0.07550 -1.0 2.0
   23    20     3    25   0.20000  1.0 3.0
   23    20     3    25   0.00000 -1.0 4.0
   24    20     3     1   0.00000  1.0 1.0
   24    20     3     1   0.00000 -1.0 2.0
   24    20     3     1   0.15000  1.0 3.0
   24    20     3     1   0.00000 -1.0 4.0
   24    20     3    11   0.00000  1.0 1.0
   24    20     3    11   0.00000 -1.0 2.0
   24    20     3    11   0.15000  1.0 3.0
   24    20     3    11   0.00000 -1.0 4.0
   24    20     3    25   0.00000  1.0 1.0
   24    20     3    25   0.00000 -1.0 2.0
   24    20     3    25   0.15000  1.0 3.0
   24    20     3    25   0.00000 -1.0 4.0
   17    20    23    26   0.56750  1.0 1.0
   17    20    23    26  -0.07550 -1.0 2.0
   17    20    23    26   0.20000  1.0 3.0
   17    20    23    26   0.00000 -1.0 4.0
   17    20    23    27   0.00000  1.0 1.0
   17    20    23    27   0.00000 -1.0 2.0
   17    20    23    27   0.15000  1.0 3.0
   17    20    23    27   0.00000 -1.0 4.0
   17    20    23    28   0.00000  1.0 1.0
   17    20    23    28   0.00000 -1.0 2.0
   17    20    23    28   0.15000  1.0 3.0
   17    20    23    28   0.00000 -1.0 4.0
    3    20    23    26   0.56750  1.0 1.0
    3    20    23    26  -0.07550 -1.0 2.0
    3    20    23    26   0.20000  1.0 3.0
    3    20    23    26   0.00000 -1.0 4.0
    3    20    23    27   0.00000  1.0 1.0
    3    20    23    27   0.00000 -1.0 2.0
    3    20    23    27   0.15000  1.0 3.0
    3    20    23    27   0.00000 -1.0 4.0
    3    20    23    28   0.00000  1.0 1.0
    3    20    23    28   0.00000 -1.0 2.0
    3    20    23    28   0.15000  1.0 3.0
    3    20    23    28   0.00000 -1.0 4.0
   24    20    23    26   0.00000  1.0 1.0
   24    20    23    26   0.00000 -1.0 2.0
   24    20    23    26   0.15000  1.0 3.0
   24    20    23    26   0.00000 -1.0 4.0
   24    20    23    27   0.00000  1.0 1.0
   24    20    23    27   0.00000 -1.0 2.0
   24    20    23    27   0.15000  1.0 3.0
   24    20    23    27   0.00000 -1.0 4.0
   24    20    23    28   0.00000  1.0 1.0
   24    20    23    28   0.00000 -1.0 2.0
   24    20    23    28   0.15000  1.0 3.0
   24    20    23    28   0.00000 -1.0 4.0
    1     3    25    45   0.00000  1.0 1.0
    1     3    25    45   0.00000 -1.0 2.0
    1     3    25    45   0.15000  1.0 3.0
    1     3    25    45   0.00000 -1.0 4.0
    1     3    25    46   0.00000  1.0 1.0
    1     3    25    46   0.00000 -1.0 2.0
    1     3    25    46   0.15000  1.0 3.0
    1     3    25    46   0.00000 -1.0 4.0
    1     3    25    47   0.00000  1.0 1.0
    1     3    25    47   0.00000 -1.0 2.0
    1     3    25    47   0.15000  1.0 3.0
    1     3    25    47   0.00000 -1.0 4.0
   11     3    25    45   0.00000  1.0 1.0
   11     3    25    45   0.00000 -1.0 2.0
   11     3    25    45   0.15000  1.0 3.0
   11     3    25    45   0.00000 -1.0 4.0
   11     3    25    46   0.00000  1.0 1.0
   11     3    25    46   0.00000 -1.0 2.0
   11     3    25    46   0.15000  1.0 3.0
   11     3    25    46   0.00000 -1.0 4.0
   11     3    25    47   0.00000  1.0 1.0
   11     3    25    47   0.00000 -1.0 2.0
   11     3    25    47   0.15000  1.0 3.0
   11     3    25    47   0.00000 -1.0 4.0
   20     3    25    45   0.00000  1.0 1.0
   20     3    25    45   0.00000 -1.0 2.0
   20     3    25    45   0.15000  1.0 3.0
   20     3    25    45   0.00000 -1.0 4.0
   20     3    25    46   0.00000  1.0 1.0
   20     3    25    46   0.00000 -1.0 2.0
   20     3    25    46   0.15000  1.0 3.0
   20     3    25    46   0.00000 -1.0 4.0
   20     3    25    47   0.00000  1.0 1.0
   20     3    25    47   0.00000 -1.0 2.0
   20     3    25    47   0.15000  1.0 3.0
   20     3    25    47   0.00000 -1.0 4.0
   20    23   -26    29   0.56750  1.0 1.0
   20    23   -26    29  -0.07550 -1.0 2.0
   20    23   -26    29   0.20000  1.0 3.0
   20    23   -26    29   0.00000 -1.0 4.0
   20    23    26    30   0.00000  1.0 1.0
   20    23    26    30   0.00000 -1.0 2.0
   20    23    26    30   0.15000  1.0 3.0
   20    23    26    30   0.00000 -1.0 4.0
   20    23    26    31   0.00000  1.0 1.0
   20    23    26    31   0.00000 -1.0 2.0
   20    23    26    31   0.15000  1.0 3.0
   20    23    26    31   0.00000 -1.0 4.0
   27    23    26    29   0.00000  1.0 1.0
   27    23    26    29   0.00000 -1.0 2.0
   27    23    26    29   0.15000  1.0 3.0
   27    23    26    29   0.00000 -1.0 4.0
   27    23    26    30   0.00000  1.0 1.0
   27    23    26    30   0.00000 -1.0 2.0
   27    23    26    30   0.15000  1.0 3.0
   27    23    26    30   0.00000 -1.0 4.0
   27    23    26    31   0.00000  1.0 1.0
   27    23    26    31   0.00000 -1.0 2.0
   27    23    26    31   0.15000  1.0 3.0
   27    23    26    31   0.00000 -1.0 4.0
   28    23    26    29   0.00000  1.0 1.0
   28    23    26    29   0.00000 -1.0 2.0
   28    23    26    29   0.15000  1.0 3.0
   28    23    26    29   0.00000 -1.0 4.0
   28    23    26    30   0.00000  1.0 1.0
   28    23    26    30   0.00000 -1.0 2.0
   28    23    26    30   0.15000  1.0 3.0
   28    23    26    30   0.00000 -1.0 4.0
   28    23    26    31   0.00000  1.0 1.0
   28    23    26    31   0.00000 -1.0 2.0
   28    23    26    31   0.15000  1.0 3.0
   28    23    26    31   0.00000 -1.0 4.0
   23    26   -29    21   0.56750  1.0 1.0
   23    26   -29    21  -0.07550 -1.0 2.0
   23    26   -29    21   0.20000  1.0 3.0
   23    26   -29    21   0.00000 -1.0 4.0
   23    26    29    32   0.56750  1.0 1.0
   23    26    29    32  -0.07550 -1.0 2.0
   23    26    29    32   0.20000  1.0 3.0
   23    26    29    32   0.00000 -1.0 4.0
   23    26    29    33   0.56750  1.0 1.0
   23    26    29    33  -0.07550 -1.0 2.0
   23    26    29    33   0.20000  1.0 3.0
   23    26    29    33   0.00000 -1.0 4.0
   30    26    29    21   0.00000  1.0 1.0
   30    26    29    21   0.00000 -1.0 2.0
   30    26    29    21   0.15000  1.0 3.0
   30    26    29    21   0.00000 -1.0 4.0
   30    26    29    32   0.00000  1.0 1.0
   30    26    29    32   0.00000 -1.0 2.0
   30    26    29    32   0.15000  1.0 3.0
   30    26    29    32   0.00000 -1.0 4.0
   30    26    29    33   0.00000  1.0 1.0
   30    26    29    33   0.00000 -1.0 2.0
   30    26    29    33   0.15000  1.0 3.0
   30    26    29    33   0.00000 -1.0 4.0
   31    26    29    21   0.00000  1.0 1.0
   31    26    29    21   0.00000 -1.0 2.0
   31    26    29    21   0.15000  1.0 3.0
   31    26    29    21   0.00000 -1.0 4.0
   31    26    29    32   0.00000  1.0 1.0
   31    26    29    32   0.00000 -1.0 2.0
   31    26    29    32   0.15000  1.0 3.0
   31    26    29    32   0.00000 -1.0 4.0
   31    26    29    33   0.00000  1.0 1.0
   31    26    29    33   0.00000 -1.0 2.0
   31    26    29    33   0.15000  1.0 3.0
   31    26    29    33   0.00000 -1.0 4.0
   26    29   -21    17   0.56750  1.0 1.0
   26    29   -21    17  -0.07550 -1.0 2.0
   26    29   -21    17   0.20000  1.0 3.0
   26    29   -21    17   0.00000 -1.0 4.0
   26    29    21    34   0.56750  1.0 1.0
   26    29    21    34  -0.07550 -1.0 2.0
   26    29    21    34   0.20000  1.0 3.0
   26    29    21    34   0.00000 -1.0 4.0
   26    29    21    35   0.00000  1.0 1.0
   26    29    21    35   0.00000 -1.0 2.0
   26    29    21    35   0.15000  1.0 3.0
   26    29    21    35   0.00000 -1.0 4.0
   32    29    21    17   0.56750  1.0 1.0
   32    29    21    17  -0.07550 -1.0 2.0
   32    29    21    17   0.20000  1.0 3.0
   32    29    21    17   0.00000 -1.0 4.0
   32    29   -21    34   0.56750  1.0 1.0
   32    29   -21    34  -0.07550 -1.0 2.0
   32    29   -21    34   0.20000  1.0 3.0
   32    29   -21    34   0.00000 -1.0 4.0
   32    29    21    35   0.00000  1.0 1.0
   32    29    21    35   0.00000 -1.0 2.0
   32    29    21    35   0.15000  1.0 3.0
   32    29    21    35   0.00000 -1.0 4.0
   33    29    21    17   0.56750  1.0 1.0
   33    29    21    17  -0.07550 -1.0 2.0
   33    29    21    17   0.20000  1.0 3.0
   33    29    21    17   0.00000 -1.0 4.0
   33    29    21    34   0.56750  1.0 1.0
   33    29    21    34  -0.07550 -1.0 2.0
   33    29    21    34   0.20000  1.0 3.0
   33    29    21    34   0.00000 -1.0 4.0
   33    29    21    35   0.00000  1.0 1.0
   33    29    21    35   0.00000 -1.0 2.0
   33    29    21    35   0.15000  1.0 3.0
   33    29    21    35   0.00000 -1.0 4.0
   26    29    32    36   0.56750  1.0 1.0
   26    29    32    36  -0.07550 -1.0 2.0
   26    29    32    36   0.20000  1.0 3.0
   26    29    32    36   0.00000 -1.0 4.0
   26    29    32    48  -0.95700  1.0 1.0
   26    29    32    48  -0.18200 -1.0 2.0
   26    29    32    48   0.29450  1.0 3.0
   26    29    32    48   0.00000 -1.0 4.0
   26    29    32    41   0.00000  1.0 1.0
   26    29    32    41   0.00000 -1.0 2.0
   26    29    32    41   0.15000  1.0 3.0
   26    29    32    41   0.00000 -1.0 4.0
   21    29   -32    36   0.56750  1.0 1.0
   21    29   -32    36  -0.07550 -1.0 2.0
   21    29   -32    36   0.20000  1.0 3.0
   21    29   -32    36   0.00000 -1.0 4.0
   21    29    32    48  -0.95700  1.0 1.0
   21    29    32    48  -0.18200 -1.0 2.0
   21    29    32    48   0.29450  1.0 3.0
   21    29    32    48   0.00000 -1.0 4.0
   21    29    32    41   0.00000  1.0 1.0
   21    29    32    41   0.00000 -1.0 2.0
   21    29    32    41   0.15000  1.0 3.0
   21    29    32    41   0.00000 -1.0 4.0
   33    29    32    36   0.56750  1.0 1.0
   33    29    32    36  -0.07550 -1.0 2.0
   33    29    32    36   0.20000  1.0 3.0
   33    29    32    36   0.00000 -1.0 4.0
   33    29    32    48  -0.95700  1.0 1.0
   33    29    32    48  -0.18200 -1.0 2.0
   33    29    32    48   0.29450  1.0 3.0
   33    29    32    48   0.00000 -1.0 4.0
   33    29    32    41   0.00000  1.0 1.0
   33    29    32    41   0.00000 -1.0 2.0
   33    29    32    41   0.15000  1.0 3.0
   33    29    32    41   0.00000 -1.0 4.0
   26    29    33    42   0.00000  1.0 1.0
   26    29    33    42   0.00000 -1.0 2.0
   26    29    33    42   0.15000  1.0 3.0
   26    29    33    42   0.00000 -1.0 4.0
   26    29    33    43   0.00000  1.0 1.0
   26    29    33    43   0.00000 -1.0 2.0
   26    29    33    43   0.15000  1.0 3.0
   26    29    33    43   0.00000 -1.0 4.0
   26    29    33    44   0.00000  1.0 1.0
   26    29    33    44   0.00000 -1.0 2.0
   26    29    33    44   0.15000  1.0 3.0
   26    29    33    44   0.00000 -1.0 4.0
   21    29    33    42   0.00000  1.0 1.0
   21    29    33    42   0.00000 -1.0 2.0
   21    29    33    42   0.15000  1.0 3.0
   21    29    33    42   0.00000 -1.0 4.0
   21    29    33    43   0.00000  1.0 1.0
   21    29    33    43   0.00000 -1.0 2.0
   21    29    33    43   0.15000  1.0 3.0
   21    29    33    43   0.00000 -1.0 4.0
   21    29    33    44   0.00000  1.0 1.0
   21    29    33    44   0.00000 -1.0 2.0
   21    29    33    44   0.15000  1.0 3.0
   21    29    33    44   0.00000 -1.0 4.0
   32    29    33    42   0.00000  1.0 1.0
   32    29    33    42   0.00000 -1.0 2.0
   32    29    33    42   0.15000  1.0 3.0
   32    29    33    42   0.00000 -1.0 4.0
   32    29    33    43   0.00000  1.0 1.0
   32    29    33    43   0.00000 -1.0 2.0
   32    29    33    43   0.15000  1.0 3.0
   32    29    33    43   0.00000 -1.0 4.0
   32    29    33    44   0.00000  1.0 1.0
   32    29    33    44   0.00000 -1.0 2.0
   32    29    33    44   0.15000  1.0 3.0
   32    29    33    44   0.00000 -1.0 4.0
   17    21    34    36   0.56750  1.0 1.0
   17    21    34    36  -0.07550 -1.0 2.0
   17    21    34    36   0.20000  1.0 3.0
   17    21    34    36   0.00000 -1.0 4.0
   17    21    34    37   0.00000  1.0 1.0
   17    21    34    37   0.00000 -1.0 2.0
   17    21    34    37   0.15000  1.0 3.0
   17    21    34    37   0.00000 -1.0 4.0
   17    21    34    38   0.00000  1.0 1.0
   17    21    34    38   0.00000 -1.0 2.0
   17    21    34    38   0.15000  1.0 3.0
   17    21    34    38   0.00000 -1.0 4.0
   29    21   -34    36   0.56750  1.0 1.0
   29    21   -34    36  -0.07550 -1.0 2.0
   29    21   -34    36   0.20000  1.0 3.0
   29    21   -34    36   0.00000 -1.0 4.0
   29    21    34    37   0.00000  1.0 1.0
   29    21    34    37   0.00000 -1.0 2.0
   29    21    34    37   0.15000  1.0 3.0
   29    21    34    37   0.00000 -1.0 4.0
   29    21    34    38   0.00000  1.0 1.0
   29    21    34    38   0.00000 -1.0 2.0
   29    21    34    38   0.15000  1.0 3.0
   29    21    34    38   0.00000 -1.0 4.0
   35    21    34    36   0.00000  1.0 1.0
   35    21    34    36   0.00000 -1.0 2.0
   35    21    34    36   0.15000  1.0 3.0
   35    21    34    36   0.00000 -1.0 4.0
   35    21    34    37   0.00000  1.0 1.0
   35    21    34    37   0.00000 -1.0 2.0
   35    21    34    37   0.15000  1.0 3.0
   35    21    34    37   0.00000 -1.0 4.0
   35    21    34    38   0.00000  1.0 1.0
   35    21    34    38   0.00000 -1.0 2.0
   35    21    34    38   0.15000  1.0 3.0
   35    21    34    38   0.00000 -1.0 4.0
   21    34   -36    32   0.56750  1.0 1.0
   21    34   -36    32  -0.07550 -1.0 2.0
   21    34   -36    32   0.20000  1.0 3.0
   21    34   -36    32   0.00000 -1.0 4.0
   21    34    36    39   0.00000  1.0 1.0
   21    34    36    39   0.00000 -1.0 2.0
   21    34    36    39   0.15000  1.0 3.0
   21    34    36    39   0.00000 -1.0 4.0
   21    34    36    40   0.00000  1.0 1.0
   21    34    36    40   0.00000 -1.0 2.0
   21    34    36    40   0.15000  1.0 3.0
   21    34    36    40   0.00000 -1.0 4.0
   37    34    36    32   0.00000  1.0 1.0
   37    34    36    32   0.00000 -1.0 2.0
   37    34    36    32   0.15000  1.0 3.0
   37    34    36    32   0.00000 -1.0 4.0
   37    34    36    39   0.00000  1.0 1.0
   37    34    36    39   0.00000 -1.0 2.0
   37    34    36    39   0.15000  1.0 3.0
   37    34    36    39   0.00000 -1.0 4.0
   37    34    36    40   0.00000  1.0 1.0
   37    34    36    40   0.00000 -1.0 2.0
   37    34    36    40   0.15000  1.0 3.0
   37    34    36    40   0.00000 -1.0 4.0
   38    34    36    32   0.00000  1.0 1.0
   38    34    36    32   0.00000 -1.0 2.0
   38    34    36    32   0.15000  1.0 3.0
   38    34    36    32   0.00000 -1.0 4.0
   38    34    36    39   0.00000  1.0 1.0
   38    34    36    39   0.00000 -1.0 2.0
   38    34    36    39   0.15000  1.0 3.0
   38    34    36    39   0.00000 -1.0 4.0
   38    34    36    40   0.00000  1.0 1.0
   38    34    36    40   0.00000 -1.0 2.0
   38    34    36    40   0.15000  1.0 3.0
   38    34    36    40   0.00000 -1.0 4.0
   34    36   -32    29   0.56750  1.0 1.0
   34    36   -32    29  -0.07550 -1.0 2.0
   34    36   -32    29   0.20000  1.0 3.0
   34    36   -32    29   0.00000 -1.0 4.0
   34    36    32    48  -0.95700  1.0 1.0
   34    36    32    48  -0.18200 -1.0 2.0
   34    36    32    48   0.29450  1.0 3.0
   34    36    32    48   0.00000 -1.0 4.0
   34    36    32    41   0.00000  1.0 1.0
   34    36    32    41   0.00000 -1.0 2.0
   34    36    32    41   0.15000  1.0 3.0
   34    36    32    41   0.00000 -1.0 4.0
   39    36    32    29   0.00000  1.0 1.0
   39    36    32    29   0.00000 -1.0 2.0
   39    36    32    29   0.15000  1.0 3.0
   39    36    32    29   0.00000 -1.0 4.0
   39    36    32    48   0.00000  1.0 1.0
   39    36    32    48   0.00000 -1.0 2.0
   39    36    32    48  -0.11250  1.0 3.0
   39    36    32    48   0.00000 -1.0 4.0
   39    36    32    41   0.00000  1.0 1.0
   39    36    32    41   0.00000 -1.0 2.0
   39    36    32    41   0.15000  1.0 3.0
   39    36    32    41   0.00000 -1.0 4.0
   40    36    32    29   0.00000  1.0 1.0
   40    36    32    29   0.00000 -1.0 2.0
   40    36    32    29   0.15000  1.0 3.0
   40    36    32    29   0.00000 -1.0 4.0
   40    36    32    48   0.00000  1.0 1.0
   40    36    32    48   0.00000 -1.0 2.0
   40    36    32    48  -0.11250  1.0 3.0
   40    36    32    48   0.00000 -1.0 4.0
   40    36    32    41   0.00000  1.0 1.0
   40    36    32    41   0.00000 -1.0 2.0
   40    36    32    41   0.15000  1.0 3.0
   40    36    32    41   0.00000 -1.0 4.0
   29    32    48    49   0.00000  1.0 1.0
   29    32    48    49   0.30150 -1.0 2.0
   29    32    48    49   0.00000  1.0 3.0
   29    32    48    49   0.00000 -1.0 4.0
   29    32    48    50   0.60050  1.0 1.0
   29    32    48    50   0.05600 -1.0 2.0
   29    32    48    50   0.26150  1.0 3.0
   29    32    48    50   0.00000 -1.0 4.0
   36    32    48    49   0.00000  1.0 1.0
   36    32    48    49   0.30150 -1.0 2.0
   36    32    48    49   0.00000  1.0 3.0
   36    32    48    49   0.00000 -1.0 4.0
   36    32    48    50   0.60050  1.0 1.0
   36    32    48    50   0.05600 -1.0 2.0
   36    32    48    50   0.26150  1.0 3.0
   36    32    48    50   0.00000 -1.0 4.0
   41    32    48    49   0.00000  1.0 1.0
   41    32    48    50   0.00000  1.0 1.0
   32    48    50    51   0.00000  1.0 1.0
   32    48    50    52   0.00000  1.0 1.0
   32    48    50    53   0.00000  1.0 1.0
   49    48    50    51   0.00000  1.0 1.0
   49    48    50    52   0.00000  1.0 1.0
   49    48    50    53   0.00000  1.0 1.0
IPHI
     2    10     6     9  10.50000 -1.0 2.0
     6    12    10    11   1.10000 -1.0 2.0
    13     3    11    10   1.10000 -1.0 2.0
    32    50    48    49  10.50000 -1.0 2.0
END