* LIGAND DATABASE FILE (OPLS2005)
*
API      37    38    69     116       0
    1     0 M   CT   _C3_     6    3.282186  172.763363   21.969045
    2     1 M   CT   _C2_     6    1.551687   61.190419  137.543474
    3     2 M   CT   _C13     6    1.553221  112.001642   30.267868
    4     2 M   HC   _H2_     6    1.089830  107.540673  148.279845
    5     1 M   CT   _C4_     6    1.541771   55.295694  -21.264607
    6     1 M   HC   H931     6    1.090207  110.599384 -121.101589
    7     1 M   HC   H932     6    1.088960  143.687025   53.794030
    8     5 M   CT   _C5_     6    1.539508  112.580986  -31.478856
    9     5 M   HC   _H41     6    1.090163  109.399837 -153.389555
   10     5 M   HC   _H42     6    1.090634  109.352739   90.378583
   11     8 M   NP   _N2_     6    1.548001  109.505587   55.282504
   12     8 M   HC   _H51     6    1.089594  109.448765  -64.726697
   13     8 M   HC   _H52     6    1.089978  109.423444  175.280793
   14    11 M    H   _HN2     6    1.010202  107.791781   59.856741
   15     3 M   HC   H131     6    1.090684  109.446649 -172.238205
   16     3 M   HC   H132     6    1.089677  109.475114   69.573151
   17     2 S    C   _C1_     6    1.551194  110.508567  -94.619299
   18    17 S    N   _N1_     6    1.335303  117.545380 -104.654742
   19    17 S    O   _O1_     6    1.229837  121.272921   75.495365
   20    18 S    H   H911     6    1.010191  120.004003    0.213532
   21    18 S    H   _H12     6    1.010213  120.017956 -179.831012
   22    11 S   CT   _C6_     6    1.546086  111.258753  177.837802
   23    22 S   CA   _C7_     6    1.526742  114.072013  -65.760268
   24    22 S   HC   _H61     6    1.090722  109.362724  171.461635
   25    22 S   HC   _H62     6    1.090068  109.376461   57.058461
   26    23 S   CA   _C8_     6    1.400047  118.955518  105.244579
   27    23 S   CA   _C12     6    1.407249  121.799339  -75.485495
   28    26 S   CA   _C9_     6    1.394115  120.563917  179.532484
   29    26 S   HA   _H8_     6    1.080108  119.974288   -0.345512
   30    27 S   CA   _C11     6    1.397293  119.835238 -179.582889
   31    27 S   NE   _N3_     6    1.397135  121.698735    0.675891
   32    28 S   CA   _C10     6    1.393161  120.006293   -0.054450
   33    28 S   HA   _H9_     6    1.080238  119.959672  179.863624
   34    30 S   HA   _H11     6    1.080135  119.633381 -179.852249
   35    31 S    H   _H31     6    1.009779  120.033908 -179.994533
   36    31 S    H   _H32     6    1.009951  119.966056    0.111162
   37    32 S   HA   _H10     6    1.079405  119.985196  179.961489
NBON
     1   3.5000   0.0660  -0.120000   1.9750   1.7500   0.005000000  -0.741685710
     2   3.5000   0.0660  -0.060000   1.9750   1.7500   0.005000000  -0.741685710
     3   3.5000   0.0660   0.150000   1.9750   1.7500   0.005000000  -0.741685710
     4   2.5000   0.0300   0.060000   1.4250   1.2500   0.008598240   0.268726247
     5   3.5000   0.0660  -0.120000   1.9750   1.7500   0.005000000  -0.741685710
     6   2.5000   0.0300   0.060000   1.4250   1.2500   0.008598240   0.268726247
     7   2.5000   0.0300   0.060000   1.4250   1.2500   0.008598240   0.268726247
     8   3.5000   0.0660   0.150000   1.9750   1.7500   0.005000000  -0.741685710
     9   2.5000   0.0300   0.060000   1.4250   1.2500   0.008598240   0.268726247
    10   2.5000   0.0300   0.060000   1.4250   1.2500   0.008598240   0.268726247
    11   3.2500   0.1700  -0.100000   2.2900   2.0360   0.003973653   1.685851020
    12   2.5000   0.0300   0.060000   1.4250   1.2500   0.008598240   0.268726247
    13   2.5000   0.0300   0.060000   1.4250   1.2500   0.008598240   0.268726247
    14   0.5000   0.0300   0.290000   1.5900   1.4000   0.030040813  -0.651083722
    15   2.5000   0.0300   0.060000   1.4250   1.2500   0.008598240   0.268726247
    16   2.5000   0.0300   0.060000   1.4250   1.2500   0.008598240   0.268726247
    17   3.7500   0.1050   0.500000   2.1120   1.8750   0.001000000  -0.126889456
    18   3.2500   0.1700  -0.760000   1.8100   1.6000   0.054801302  -1.445846770
    19   2.9600   0.2100  -0.500000   1.8100   1.6000   0.001000000  -1.480495490
    20   0.5000   0.0300   0.380000   1.5900   1.4000   0.030040813  -0.651083722
    21   0.5000   0.0300   0.380000   1.5900   1.4000   0.030040813  -0.651083722
    22   3.5000   0.0660   0.265000   1.9750   1.7500   0.005000000  -0.741685710
    23   3.5500   0.0700  -0.115000   2.5000   1.7750   0.001000000  -0.843144165
    24   2.5000   0.0300   0.060000   1.4250   1.2500   0.008598240   0.268726247
    25   2.5000   0.0300   0.060000   1.4250   1.2500   0.008598240   0.268726247
    26   3.5500   0.0700  -0.115000   2.5000   1.7750   0.001000000  -0.843144165
    27   3.5500   0.0700   0.180000   2.5000   1.7750   0.001000000  -0.843144165
    28   3.5500   0.0700  -0.115000   2.5000   1.7750   0.001000000  -0.843144165
    29   2.4200   0.0300   0.115000   1.3810   1.2100   0.030040813   0.268726247
    30   3.5500   0.0700  -0.115000   2.5000   1.7750   0.001000000  -0.843144165
    31   3.3000   0.1700  -0.900000   2.1120   1.8750   0.051222218  -2.220205820
    32   3.5500   0.0700  -0.115000   2.5000   1.7750   0.001000000  -0.843144165
    33   2.4200   0.0300   0.115000   1.3810   1.2100   0.030040813   0.268726247
    34   2.4200   0.0300   0.115000   1.3810   1.2100   0.030040813   0.268726247
    35   0.5000   0.0300   0.360000   1.5900   1.4000   0.030040813  -0.651083722
    36   0.5000   0.0300   0.360000   1.5900   1.4000   0.030040813  -0.651083722
    37   2.4200   0.0300   0.115000   1.3810   1.2100   0.030040813   0.268726247
BOND
    18    17   490.000  1.335
    18    20   434.000  1.010
    18    21   434.000  1.010
    17    19   570.000  1.229
    17     2   317.000  1.522
     2     1   268.000  1.529
     2     3   268.000  1.529
     2     4   340.000  1.090
     1     5   268.000  1.529
     1     6   340.000  1.090
     1     7   340.000  1.090
     5     8   268.000  1.529
     5     9   340.000  1.090
     5    10   340.000  1.090
     8    11   367.000  1.471
     8    12   340.000  1.090
     8    13   340.000  1.090
    11    22   367.000  1.471
    11     3   367.000  1.471
    11    14   434.000  1.010
    22    23   317.000  1.510
    22    24   340.000  1.090
    22    25   340.000  1.090
    23    26   469.000  1.400
    23    27   469.000  1.400
    26    28   469.000  1.400
    26    29   367.000  1.080
    28    32   469.000  1.400
    28    33   367.000  1.080
    32    30   469.000  1.400
    32    37   367.000  1.080
    30    27   469.000  1.400
    30    34   367.000  1.080
    27    31   481.000  1.393
    31    35   434.000  1.010
    31    36   434.000  1.010
     3    15   340.000  1.090
     3    16   340.000  1.090
THET
    17    18    20    35.00000  119.80000
    17    18    21    35.00000  119.80000
    20    18    21    35.00000  120.00000
    18    17    19    80.00000  122.90000
    18    17     2    70.00000  116.60000
    19    17     2    80.00000  120.40000
    17     2     1    63.00000  111.10000
    17     2     3    63.00000  111.10000
    17     2     4    35.00000  109.50000
     1     2     3    58.35000  112.70000
     1     2     4    37.50000  110.70000
     3     2     4    37.50000  110.70000
     2     1     5    58.35000  112.70000
     2     1     6    37.50000  110.70000
     2     1     7    37.50000  110.70000
     5     1     6    37.50000  110.70000
     5     1     7    37.50000  110.70000
     6     1     7    33.00000  107.80000
     1     5     8    58.35000  112.70000
     1     5     9    37.50000  110.70000
     1     5    10    37.50000  110.70000
     8     5     9    37.50000  110.70000
     8     5    10    37.50000  110.70000
     9     5    10    33.00000  107.80000
     5     8    11    80.00000  111.20000
     5     8    12    37.50000  110.70000
     5     8    13    37.50000  110.70000
    11     8    12    35.00000  109.50000
    11     8    13    35.00000  109.50000
    12     8    13    33.00000  107.80000
     8    11    22    75.00000  113.01200
     8    11     3    75.00000  113.01200
     8    11    14    35.00000  109.50000
    22    11     3    75.00000  113.01200
    22    11    14    35.00000  109.50000
     3    11    14    35.00000  109.50000
    11    22    23    75.00000  110.83300
    11    22    24    35.00000  109.50000
    11    22    25    35.00000  109.50000
    23    22    24    35.00000  109.50000
    23    22    25    35.00000  109.50000
    24    22    25    33.00000  107.80000
    22    23    26    70.00000  120.00000
    22    23    27    70.00000  120.00000
    26    23    27    63.00000  120.00000
    23    26    28    63.00000  120.00000
    23    26    29    35.00000  120.00000
    28    26    29    35.00000  120.00000
    26    28    32    63.00000  120.00000
    26    28    33    35.00000  120.00000
    32    28    33    35.00000  120.00000
    28    32    30    63.00000  120.00000
    28    32    37    35.00000  120.00000
    30    32    37    35.00000  120.00000
    32    30    27    63.00000  120.00000
    32    30    34    35.00000  120.00000
    27    30    34    35.00000  120.00000
    23    27    30    63.00000  120.00000
    23    27    31    70.00000  120.10000
    30    27    31    70.00000  120.10000
    27    31    35    35.00000  113.50000
    27    31    36    35.00000  113.50000
    35    31    36    35.00000  109.00000
     2     3    11    80.00000  111.20000
     2     3    15    37.50000  110.70000
     2     3    16    37.50000  110.70000
    11     3    15    35.00000  109.50000
    11     3    16    35.00000  109.50000
    15     3    16    33.00000  107.80000
PHI
   20    18    17    19   0.65000  1.0 1.0
   20    18    17    19   2.45000 -1.0 2.0
   20    18    17    19   0.00000  1.0 3.0
   20    18    17    19   0.00000 -1.0 4.0
   20    18    17     2   0.00000  1.0 1.0
   20    18    17     2   2.45000 -1.0 2.0
   20    18    17     2   0.00000  1.0 3.0
   20    18    17     2   0.00000 -1.0 4.0
   21    18    17    19   0.65000  1.0 1.0
   21    18    17    19   2.45000 -1.0 2.0
   21    18    17    19   0.00000  1.0 3.0
   21    18    17    19   0.00000 -1.0 4.0
   21    18    17     2   0.00000  1.0 1.0
   21    18    17     2   2.45000 -1.0 2.0
   21    18    17     2   0.00000  1.0 3.0
   21    18    17     2   0.00000 -1.0 4.0
   18    17     2     1   1.39750  1.0 1.0
   18    17     2     1  -0.07950 -1.0 2.0
   18    17     2     1  -0.18750  1.0 3.0
   18    17     2     1   0.00000 -1.0 4.0
   18    17     2     3   1.39750  1.0 1.0
   18    17     2     3  -0.07950 -1.0 2.0
   18    17     2     3  -0.18750  1.0 3.0
   18    17     2     3   0.00000 -1.0 4.0
   18    17     2     4   0.00000  1.0 1.0
   19    17     2     1   0.00000  1.0 1.0
   19    17     2     1   0.30150 -1.0 2.0
   19    17     2     1   0.00000  1.0 3.0
   19    17     2     1   0.00000 -1.0 4.0
   19    17     2     3   0.00000  1.0 1.0
   19    17     2     3   0.30150 -1.0 2.0
   19    17     2     3   0.00000  1.0 3.0
   19    17     2     3   0.00000 -1.0 4.0
   19    17     2     4   0.00000  1.0 1.0
   17     2     1     5  -0.95700  1.0 1.0
   17     2     1     5  -0.18200 -1.0 2.0
   17     2     1     5   0.29450  1.0 3.0
   17     2     1     5   0.00000 -1.0 4.0
   17     2     1     6   0.00000  1.0 1.0
   17     2     1     6   0.00000 -1.0 2.0
   17     2     1     6  -0.11250  1.0 3.0
   17     2     1     6   0.00000 -1.0 4.0
   17     2     1     7   0.00000  1.0 1.0
   17     2     1     7   0.00000 -1.0 2.0
   17     2     1     7  -0.11250  1.0 3.0
   17     2     1     7   0.00000 -1.0 4.0
    3     2     1     5   0.56750  1.0 1.0
    3     2     1     5  -0.07550 -1.0 2.0
    3     2     1     5   0.20000  1.0 3.0
    3     2     1     5   0.00000 -1.0 4.0
    3     2     1     6   0.00000  1.0 1.0
    3     2     1     6   0.00000 -1.0 2.0
    3     2     1     6   0.15000  1.0 3.0
    3     2     1     6   0.00000 -1.0 4.0
    3     2     1     7   0.00000  1.0 1.0
    3     2     1     7   0.00000 -1.0 2.0
    3     2     1     7   0.15000  1.0 3.0
    3     2     1     7   0.00000 -1.0 4.0
    4     2     1     5   0.00000  1.0 1.0
    4     2     1     5   0.00000 -1.0 2.0
    4     2     1     5   0.15000  1.0 3.0
    4     2     1     5   0.00000 -1.0 4.0
    4     2     1     6   0.00000  1.0 1.0
    4     2     1     6   0.00000 -1.0 2.0
    4     2     1     6   0.15000  1.0 3.0
    4     2     1     6   0.00000 -1.0 4.0
    4     2     1     7   0.00000  1.0 1.0
    4     2     1     7   0.00000 -1.0 2.0
    4     2     1     7   0.15000  1.0 3.0
    4     2     1     7   0.00000 -1.0 4.0
   17     2     3    11  -1.46550  1.0 1.0
   17     2     3    11  -0.30600 -1.0 2.0
   17     2     3    11  -0.05950  1.0 3.0
   17     2     3    11   0.00000 -1.0 4.0
   17     2     3    15   0.00000  1.0 1.0
   17     2     3    15   0.00000 -1.0 2.0
   17     2     3    15  -0.11250  1.0 3.0
   17     2     3    15   0.00000 -1.0 4.0
   17     2     3    16   0.00000  1.0 1.0
   17     2     3    16   0.00000 -1.0 2.0
   17     2     3    16  -0.11250  1.0 3.0
   17     2     3    16   0.00000 -1.0 4.0
    1     2     3    11   1.36600  1.0 1.0
    1     2     3    11  -0.11450 -1.0 2.0
    1     2     3    11   0.24250  1.0 3.0
    1     2     3    11   0.00000 -1.0 4.0
    1     2     3    15   0.00000  1.0 1.0
    1     2     3    15   0.00000 -1.0 2.0
    1     2     3    15   0.15000  1.0 3.0
    1     2     3    15   0.00000 -1.0 4.0
    1     2     3    16   0.00000  1.0 1.0
    1     2     3    16   0.00000 -1.0 2.0
    1     2     3    16   0.15000  1.0 3.0
    1     2     3    16   0.00000 -1.0 4.0
    4     2     3    11   0.00000  1.0 1.0
    4     2     3    11   0.00000 -1.0 2.0
    4     2     3    11   0.19200  1.0 3.0
    4     2     3    11   0.00000 -1.0 4.0
    4     2     3    15   0.00000  1.0 1.0
    4     2     3    15   0.00000 -1.0 2.0
    4     2     3    15   0.15000  1.0 3.0
    4     2     3    15   0.00000 -1.0 4.0
    4     2     3    16   0.00000  1.0 1.0
    4     2     3    16   0.00000 -1.0 2.0
    4     2     3    16   0.15000  1.0 3.0
    4     2     3    16   0.00000 -1.0 4.0
    2     1     5     8   0.56750  1.0 1.0
    2     1     5     8  -0.07550 -1.0 2.0
    2     1     5     8   0.20000  1.0 3.0
    2     1     5     8   0.00000 -1.0 4.0
    2     1     5     9   0.00000  1.0 1.0
    2     1     5     9   0.00000 -1.0 2.0
    2     1     5     9   0.15000  1.0 3.0
    2     1     5     9   0.00000 -1.0 4.0
    2     1     5    10   0.00000  1.0 1.0
    2     1     5    10   0.00000 -1.0 2.0
    2     1     5    10   0.15000  1.0 3.0
    2     1     5    10   0.00000 -1.0 4.0
    6     1     5     8   0.00000  1.0 1.0
    6     1     5     8   0.00000 -1.0 2.0
    6     1     5     8   0.15000  1.0 3.0
    6     1     5     8   0.00000 -1.0 4.0
    6     1     5     9   0.00000  1.0 1.0
    6     1     5     9   0.00000 -1.0 2.0
    6     1     5     9   0.15000  1.0 3.0
    6     1     5     9   0.00000 -1.0 4.0
    6     1     5    10   0.00000  1.0 1.0
    6     1     5    10   0.00000 -1.0 2.0
    6     1     5    10   0.15000  1.0 3.0
    6     1     5    10   0.00000 -1.0 4.0
    7     1     5     8   0.00000  1.0 1.0
    7     1     5     8   0.00000 -1.0 2.0
    7     1     5     8   0.15000  1.0 3.0
    7     1     5     8   0.00000 -1.0 4.0
    7     1     5     9   0.00000  1.0 1.0
    7     1     5     9   0.00000 -1.0 2.0
    7     1     5     9   0.15000  1.0 3.0
    7     1     5     9   0.00000 -1.0 4.0
    7     1     5    10   0.00000  1.0 1.0
    7     1     5    10   0.00000 -1.0 2.0
    7     1     5    10   0.15000  1.0 3.0
    7     1     5    10   0.00000 -1.0 4.0
    1     5    -8    11   1.36600  1.0 1.0
    1     5    -8    11  -0.11450 -1.0 2.0
    1     5    -8    11   0.24250  1.0 3.0
    1     5    -8    11   0.00000 -1.0 4.0
    1     5     8    12   0.00000  1.0 1.0
    1     5     8    12   0.00000 -1.0 2.0
    1     5     8    12   0.15000  1.0 3.0
    1     5     8    12   0.00000 -1.0 4.0
    1     5     8    13   0.00000  1.0 1.0
    1     5     8    13   0.00000 -1.0 2.0
    1     5     8    13   0.15000  1.0 3.0
    1     5     8    13   0.00000 -1.0 4.0
    9     5     8    11   0.00000  1.0 1.0
    9     5     8    11   0.00000 -1.0 2.0
    9     5     8    11   0.19200  1.0 3.0
    9     5     8    11   0.00000 -1.0 4.0
    9     5     8    12   0.00000  1.0 1.0
    9     5     8    12   0.00000 -1.0 2.0
    9     5     8    12   0.15000  1.0 3.0
    9     5     8    12   0.00000 -1.0 4.0
    9     5     8    13   0.00000  1.0 1.0
    9     5     8    13   0.00000 -1.0 2.0
    9     5     8    13   0.15000  1.0 3.0
    9     5     8    13   0.00000 -1.0 4.0
   10     5     8    11   0.00000  1.0 1.0
   10     5     8    11   0.00000 -1.0 2.0
   10     5     8    11   0.19200  1.0 3.0
   10     5     8    11   0.00000 -1.0 4.0
   10     5     8    12   0.00000  1.0 1.0
   10     5     8    12   0.00000 -1.0 2.0
   10     5     8    12   0.15000  1.0 3.0
   10     5     8    12   0.00000 -1.0 4.0
   10     5     8    13   0.00000  1.0 1.0
   10     5     8    13   0.00000 -1.0 2.0
   10     5     8    13   0.15000  1.0 3.0
   10     5     8    13   0.00000 -1.0 4.0
    5     8    11    22   0.47100  1.0 1.0
    5     8    11    22   0.00000 -1.0 2.0
    5     8    11    22   0.00000  1.0 3.0
    5     8    11    22   0.00000 -1.0 4.0
    5     8   -11     3   0.47100  1.0 1.0
    5     8   -11     3   0.00000 -1.0 2.0
    5     8   -11     3   0.00000  1.0 3.0
    5     8   -11     3   0.00000 -1.0 4.0
    5     8    11    14   0.00000  1.0 1.0
    5     8    11    14   0.00000 -1.0 2.0
    5     8    11    14   0.17350  1.0 3.0
    5     8    11    14   0.00000 -1.0 4.0
   12     8    11    22   0.00000  1.0 1.0
   12     8    11    22   0.00000 -1.0 2.0
   12     8    11    22   0.15000  1.0 3.0
   12     8    11    22   0.00000 -1.0 4.0
   12     8    11     3   0.00000  1.0 1.0
   12     8    11     3   0.00000 -1.0 2.0
   12     8    11     3   0.15000  1.0 3.0
   12     8    11     3   0.00000 -1.0 4.0
   12     8    11    14   0.00000  1.0 1.0
   12     8    11    14   0.00000 -1.0 2.0
   12     8    11    14   0.13050  1.0 3.0
   12     8    11    14   0.00000 -1.0 4.0
   13     8    11    22   0.00000  1.0 1.0
   13     8    11    22   0.00000 -1.0 2.0
   13     8    11    22   0.15000  1.0 3.0
   13     8    11    22   0.00000 -1.0 4.0
   13     8    11     3   0.00000  1.0 1.0
   13     8    11     3   0.00000 -1.0 2.0
   13     8    11     3   0.15000  1.0 3.0
   13     8    11     3   0.00000 -1.0 4.0
   13     8    11    14   0.00000  1.0 1.0
   13     8    11    14   0.00000 -1.0 2.0
   13     8    11    14   0.13050  1.0 3.0
   13     8    11    14   0.00000 -1.0 4.0
    8    11    22    23   0.03550  1.0 1.0
    8    11    22    23   0.09800 -1.0 2.0
    8    11    22    23   0.00000  1.0 3.0
    8    11    22    23   0.00000 -1.0 4.0
    8    11    22    24   0.00000  1.0 1.0
    8    11    22    24   0.00000 -1.0 2.0
    8    11    22    24   0.15000  1.0 3.0
    8    11    22    24   0.00000 -1.0 4.0
    8    11    22    25   0.00000  1.0 1.0
    8    11    22    25   0.00000 -1.0 2.0
    8    11    22    25   0.15000  1.0 3.0
    8    11    22    25   0.00000 -1.0 4.0
    3    11    22    23   0.03550  1.0 1.0
    3    11    22    23   0.09800 -1.0 2.0
    3    11    22    23   0.00000  1.0 3.0
    3    11    22    23   0.00000 -1.0 4.0
    3    11    22    24   0.00000  1.0 1.0
    3    11    22    24   0.00000 -1.0 2.0
    3    11    22    24   0.15000  1.0 3.0
    3    11    22    24   0.00000 -1.0 4.0
    3    11    22    25   0.00000  1.0 1.0
    3    11    22    25   0.00000 -1.0 2.0
    3    11    22    25   0.15000  1.0 3.0
    3    11    22    25   0.00000 -1.0 4.0
   14    11    22    23   0.00000  1.0 1.0
   14    11    22    23   0.00000 -1.0 2.0
   14    11    22    23   0.17350  1.0 3.0
   14    11    22    23   0.00000 -1.0 4.0
   14    11    22    24   0.00000  1.0 1.0
   14    11    22    24   0.00000 -1.0 2.0
   14    11    22    24   0.13050  1.0 3.0
   14    11    22    24   0.00000 -1.0 4.0
   14    11    22    25   0.00000  1.0 1.0
   14    11    22    25   0.00000 -1.0 2.0
   14    11    22    25   0.13050  1.0 3.0
   14    11    22    25   0.00000 -1.0 4.0
    8    11    -3     2   0.47100  1.0 1.0
    8    11    -3     2   0.00000 -1.0 2.0
    8    11    -3     2   0.00000  1.0 3.0
    8    11    -3     2   0.00000 -1.0 4.0
    8    11     3    15   0.00000  1.0 1.0
    8    11     3    15   0.00000 -1.0 2.0
    8    11     3    15   0.15000  1.0 3.0
    8    11     3    15   0.00000 -1.0 4.0
    8    11     3    16   0.00000  1.0 1.0
    8    11     3    16   0.00000 -1.0 2.0
    8    11     3    16   0.15000  1.0 3.0
    8    11     3    16   0.00000 -1.0 4.0
   22    11     3     2   0.47100  1.0 1.0
   22    11     3     2   0.00000 -1.0 2.0
   22    11     3     2   0.00000  1.0 3.0
   22    11     3     2   0.00000 -1.0 4.0
   22    11     3    15   0.00000  1.0 1.0
   22    11     3    15   0.00000 -1.0 2.0
   22    11     3    15   0.15000  1.0 3.0
   22    11     3    15   0.00000 -1.0 4.0
   22    11     3    16   0.00000  1.0 1.0
   22    11     3    16   0.00000 -1.0 2.0
   22    11     3    16   0.15000  1.0 3.0
   22    11     3    16   0.00000 -1.0 4.0
   14    11     3     2   0.00000  1.0 1.0
   14    11     3     2   0.00000 -1.0 2.0
   14    11     3     2   0.17350  1.0 3.0
   14    11     3     2   0.00000 -1.0 4.0
   14    11     3    15   0.00000  1.0 1.0
   14    11     3    15   0.00000 -1.0 2.0
   14    11     3    15   0.13050  1.0 3.0
   14    11     3    15   0.00000 -1.0 4.0
   14    11     3    16   0.00000  1.0 1.0
   14    11     3    16   0.00000 -1.0 2.0
   14    11     3    16   0.13050  1.0 3.0
   14    11     3    16   0.00000 -1.0 4.0
   11    22    23    26   0.00000  1.0 1.0
   11    22    23    26  -0.46400 -1.0 2.0
   11    22    23    26   0.00000  1.0 3.0
   11    22    23    26   0.00000 -1.0 4.0
   11    22    23    27   0.00000  1.0 1.0
   11    22    23    27  -0.46400 -1.0 2.0
   11    22    23    27   0.00000  1.0 3.0
   11    22    23    27   0.00000 -1.0 4.0
   24    22    23    26   0.00000  1.0 1.0
   24    22    23    27   0.00000  1.0 1.0
   25    22    23    26   0.00000  1.0 1.0
   25    22    23    27   0.00000  1.0 1.0
   22    23    26    28   0.00000  1.0 1.0
   22    23    26    28   3.62500 -1.0 2.0
   22    23    26    28   0.00000  1.0 3.0
   22    23    26    28   0.00000 -1.0 4.0
   22    23    26    29   0.00000  1.0 1.0
   22    23    26    29   3.62500 -1.0 2.0
   22    23    26    29   0.00000  1.0 3.0
   22    23    26    29   0.00000 -1.0 4.0
   27    23    26    28   0.00000  1.0 1.0
   27    23    26    28   3.62500 -1.0 2.0
   27    23    26    28   0.00000  1.0 3.0
   27    23    26    28   0.00000 -1.0 4.0
   27    23    26    29   0.00000  1.0 1.0
   27    23    26    29   3.62500 -1.0 2.0
   27    23    26    29   0.00000  1.0 3.0
   27    23    26    29   0.00000 -1.0 4.0
   22    23    27    30   0.00000  1.0 1.0
   22    23    27    30   3.62500 -1.0 2.0
   22    23    27    30   0.00000  1.0 3.0
   22    23    27    30   0.00000 -1.0 4.0
   22    23    27    31   0.00000  1.0 1.0
   22    23    27    31   3.62500 -1.0 2.0
   22    23    27    31   0.00000  1.0 3.0
   22    23    27    31   0.00000 -1.0 4.0
   26    23    27    30   0.00000  1.0 1.0
   26    23    27    30   3.62500 -1.0 2.0
   26    23    27    30   0.00000  1.0 3.0
   26    23    27    30   0.00000 -1.0 4.0
   26    23    27    31   0.00000  1.0 1.0
   26    23    27    31   3.62500 -1.0 2.0
   26    23    27    31   0.00000  1.0 3.0
   26    23    27    31   0.00000 -1.0 4.0
   23    26    28    32   0.00000  1.0 1.0
   23    26    28    32   3.62500 -1.0 2.0
   23    26    28    32   0.00000  1.0 3.0
   23    26    28    32   0.00000 -1.0 4.0
   23    26    28    33   0.00000  1.0 1.0
   23    26    28    33   3.62500 -1.0 2.0
   23    26    28    33   0.00000  1.0 3.0
   23    26    28    33   0.00000 -1.0 4.0
   29    26    28    32   0.00000  1.0 1.0
   29    26    28    32   3.62500 -1.0 2.0
   29    26    28    32   0.00000  1.0 3.0
   29    26    28    32   0.00000 -1.0 4.0
   29    26    28    33   0.00000  1.0 1.0
   29    26    28    33   3.62500 -1.0 2.0
   29    26    28    33   0.00000  1.0 3.0
   29    26    28    33   0.00000 -1.0 4.0
   26    28   -32    30   0.00000  1.0 1.0
   26    28   -32    30   3.62500 -1.0 2.0
   26    28   -32    30   0.00000  1.0 3.0
   26    28   -32    30   0.00000 -1.0 4.0
   26    28    32    37   0.00000  1.0 1.0
   26    28    32    37   3.62500 -1.0 2.0
   26    28    32    37   0.00000  1.0 3.0
   26    28    32    37   0.00000 -1.0 4.0
   33    28    32    30   0.00000  1.0 1.0
   33    28    32    30   3.62500 -1.0 2.0
   33    28    32    30   0.00000  1.0 3.0
   33    28    32    30   0.00000 -1.0 4.0
   33    28    32    37   0.00000  1.0 1.0
   33    28    32    37   3.62500 -1.0 2.0
   33    28    32    37   0.00000  1.0 3.0
   33    28    32    37   0.00000 -1.0 4.0
   28    32   -30    27   0.00000  1.0 1.0
   28    32   -30    27   3.62500 -1.0 2.0
   28    32   -30    27   0.00000  1.0 3.0
   28    32   -30    27   0.00000 -1.0 4.0
   28    32    30    34   0.00000  1.0 1.0
   28    32    30    34   3.62500 -1.0 2.0
   28    32    30    34   0.00000  1.0 3.0
   28    32    30    34   0.00000 -1.0 4.0
   37    32    30    27   0.00000  1.0 1.0
   37    32    30    27   3.62500 -1.0 2.0
   37    32    30    27   0.00000  1.0 3.0
   37    32    30    27   0.00000 -1.0 4.0
   37    32    30    34   0.00000  1.0 1.0
   37    32    30    34   3.62500 -1.0 2.0
   37    32    30    34   0.00000  1.0 3.0
   37    32    30    34   0.00000 -1.0 4.0
   32    30   -27    23   0.00000  1.0 1.0
   32    30   -27    23   3.62500 -1.0 2.0
   32    30   -27    23   0.00000  1.0 3.0
   32    30   -27    23   0.00000 -1.0 4.0
   32    30    27    31   0.00000  1.0 1.0
   32    30    27    31   3.62500 -1.0 2.0
   32    30    27    31   0.00000  1.0 3.0
   32    30    27    31   0.00000 -1.0 4.0
   34    30    27    23   0.00000  1.0 1.0
   34    30    27    23   3.62500 -1.0 2.0
   34    30    27    23   0.00000  1.0 3.0
   34    30    27    23   0.00000 -1.0 4.0
   34    30    27    31   0.00000  1.0 1.0
   34    30    27    31   3.62500 -1.0 2.0
   34    30    27    31   0.00000  1.0 3.0
   34    30    27    31   0.00000 -1.0 4.0
   23    27    31    35   0.00000  1.0 1.0
   23    27    31    35   1.00000 -1.0 2.0
   23    27    31    35   0.00000  1.0 3.0
   23    27    31    35   0.00000 -1.0 4.0
   23    27    31    36   0.00000  1.0 1.0
   23    27    31    36   1.00000 -1.0 2.0
   23    27    31    36   0.00000  1.0 3.0
   23    27    31    36   0.00000 -1.0 4.0
   30    27    31    35   0.00000  1.0 1.0
   30    27    31    35   1.00000 -1.0 2.0
   30    27    31    35   0.00000  1.0 3.0
   30    27    31    35   0.00000 -1.0 4.0
   30    27    31    36   0.00000  1.0 1.0
   30    27    31    36   1.00000 -1.0 2.0
   30    27    31    36   0.00000  1.0 3.0
   30    27    31    36   0.00000 -1.0 4.0
IPHI
    21    17    18    20   1.00000 -1.0 2.0
    18     2    17    19  10.50000 -1.0 2.0
    26    27    23    22   4.00000 -1.0 2.0
    28    29    26    23   1.10000 -1.0 2.0
    32    33    28    26   1.10000 -1.0 2.0
    30    37    32    28   1.10000 -1.0 2.0
    27    34    30    32   1.10000 -1.0 2.0
    30    31    27    23   4.00000 -1.0 2.0
    36    27    31    35   1.00000 -1.0 2.0
END